350.00	2.85
351.00	3.78
352.00	3.21
353.00	3.25
354.00	3.52
355.00	2.92
356.00	2.07
357.00	1.55
358.00	1.64
359.00	-0.94
360.00	1.57
361.00	2.31
362.00	2.44
363.00	3.15
364.00	1.54
365.00	1.17
366.00	3.40
367.00	3.26
368.00	2.15
369.00	2.22
370.00	5.14
371.00	1.53
372.00	2.22
373.00	1.08
374.00	2.40
375.00	2.57
376.00	2.00
377.00	3.38
378.00	2.19
379.00	1.78
380.00	0.11
381.00	1.46
382.00	2.93
383.00	1.59
384.00	0.25
385.00	0.58
386.00	1.64
387.00	2.09
388.00	2.63
389.00	2.88
390.00	0.30
391.00	2.81
392.00	2.30
393.00	1.28
394.00	1.83
395.00	3.19
396.00	0.45
397.00	2.45
398.00	2.95
399.00	3.90
400.00	2.10
401.00	3.08
402.00	2.32
403.00	2.06
404.00	2.61
405.00	1.02
406.00	4.21
407.00	2.93
408.00	1.25
409.00	3.38
410.00	2.49
411.00	2.05
412.00	3.70
413.00	5.14
414.00	4.22
415.00	2.83
416.00	2.76
417.00	5.06
418.00	4.25
419.00	4.17
420.00	3.64
421.00	2.37
422.00	1.63
423.00	4.61
424.00	2.99
425.00	4.89
426.00	4.71
427.00	5.92
428.00	4.72
429.00	4.53
430.00	3.45
431.00	3.88
432.00	3.19
433.00	3.14
434.00	6.50
435.00	4.26
436.00	4.30
437.00	6.50
438.00	6.10
439.00	6.46
440.00	6.34
441.00	5.07
442.00	8.29
443.00	6.48
444.00	7.42
445.00	6.82
446.00	8.70
447.00	7.33
448.00	8.64
449.00	5.56
450.00	9.13
451.00	8.73
452.00	8.77
453.00	7.05
454.00	8.08
455.00	9.59
456.00	9.72
457.00	9.37
458.00	10.37
459.00	9.97
460.00	9.74
461.00	11.27
462.00	11.70
463.00	11.40
464.00	12.39
465.00	12.22
466.00	11.79
467.00	14.24
468.00	15.06
469.00	16.56
470.00	16.04
471.00	17.33
472.00	16.89
473.00	16.15
474.00	17.08
475.00	15.96
476.00	19.57
477.00	20.43
478.00	20.70
479.00	24.16
480.00	22.67
481.00	25.95
482.00	29.14
483.00	28.31
484.00	29.84
485.00	29.24
486.00	32.14
487.00	34.02
488.00	37.01
489.00	41.32
490.00	43.05
491.00	45.24
492.00	46.45
493.00	47.18
494.00	49.28
495.00	52.30
496.00	55.01
497.00	58.11
498.00	58.67
499.00	60.83
500.00	61.24
501.00	62.95
502.00	64.35
503.00	67.17
504.00	69.64
505.00	73.85
506.00	74.98
507.00	75.40
508.00	78.05
509.00	82.19
510.00	80.75
511.00	82.72
512.00	87.80
513.00	88.99
514.00	87.84
515.00	92.76
516.00	96.42
517.00	98.19
518.00	103.61
519.00	101.38
520.00	106.45
521.00	106.62
522.00	109.25
523.00	110.97
524.00	116.86
525.00	118.62
526.00	122.63
527.00	123.87
528.00	130.14
529.00	131.70
530.00	137.44
531.00	139.80
532.00	142.21
533.00	146.18
534.00	150.92
535.00	153.49
536.00	158.82
537.00	160.00
538.00	164.96
539.00	166.72
540.00	171.43
541.00	176.32
542.00	176.58
543.00	186.76
544.00	188.18
545.00	189.67
546.00	191.77
547.00	199.89
548.00	202.67
549.00	205.73
550.00	211.07
551.00	215.28
552.00	219.38
553.00	219.94
554.00	228.10
555.00	233.44
556.00	237.57
557.00	237.16
558.00	240.55
559.00	251.77
560.00	251.26
561.00	255.02
562.00	260.46
563.00	265.87
564.00	266.37
565.00	273.10
566.00	278.62
567.00	285.37
568.00	286.49
569.00	291.58
570.00	299.68
571.00	302.49
572.00	304.59
573.00	312.19
574.00	315.14
575.00	316.89
576.00	322.12
577.00	332.83
578.00	329.01
579.00	339.39
580.00	341.71
581.00	346.35
582.00	349.15
583.00	355.69
584.00	359.79
585.00	367.29
586.00	368.24
587.00	376.39
588.00	380.60
589.00	388.10
590.00	392.28
591.00	396.13
592.00	400.31
593.00	402.37
594.00	410.82
595.00	413.73
596.00	420.43
597.00	430.30
598.00	431.12
599.00	438.04
600.00	444.58
601.00	456.49
602.00	454.73
603.00	466.72
604.00	470.57
605.00	474.24
606.00	483.43
607.00	484.97
608.00	493.76
609.00	497.91
610.00	502.35
611.00	508.53
612.00	515.23
613.00	521.67
614.00	531.47
615.00	536.98
616.00	537.96
617.00	548.28
618.00	546.66
619.00	549.62
620.00	558.41
621.00	563.12
622.00	570.13
623.00	571.45
624.00	579.35
625.00	569.61
626.00	584.19
627.00	593.07
628.00	594.38
629.00	580.96
630.00	607.07
631.00	609.25
632.00	613.96
633.00	627.66
634.00	629.18
635.00	625.13
636.00	632.73
637.00	649.81
638.00	644.39
639.00	655.98
640.00	658.34
641.00	658.80
642.00	665.05
643.00	670.78
644.00	677.76
645.00	683.07
646.00	685.02
647.00	697.79
648.00	694.13
649.00	705.12
650.00	707.27
651.00	713.11
652.00	719.22
653.00	719.80
654.00	732.34
655.00	736.83
656.00	739.34
657.00	739.92
658.00	747.85
659.00	754.34
660.00	758.86
661.00	759.89
662.00	766.75
663.00	777.77
664.00	774.19
665.00	785.14
666.00	787.29
667.00	792.67
668.00	795.02
669.00	802.28
670.00	808.82
671.00	809.59
672.00	813.57
673.00	813.57
674.00	817.68
675.00	821.99
676.00	833.99
677.00	827.89
678.00	829.77
679.00	829.23
680.00	840.88
681.00	841.57
682.00	843.75
683.00	846.93
684.00	855.33
685.00	856.01
686.00	857.57
687.00	861.82
688.00	863.07
689.00	863.70
690.00	875.08
691.00	875.33
692.00	877.17
693.00	872.33
694.00	880.76
695.00	882.19
696.00	892.42
697.00	894.38
698.00	898.17
699.00	902.85
700.00	898.80
701.00	901.93
702.00	909.84
703.00	907.89
704.00	908.26
705.00	914.81
706.00	917.79
707.00	923.26
708.00	927.84
709.00	936.71
710.00	932.89
711.00	934.31
712.00	932.15
713.00	935.12
714.00	948.56
715.00	949.77
716.00	957.15
717.00	955.78
718.00	955.13
719.00	953.40
720.00	959.25
721.00	964.95
722.00	966.39
723.00	969.25
724.00	974.18
725.00	978.34
726.00	983.61
727.00	979.57
728.00	970.44
729.00	977.08
730.00	973.76
731.00	987.51
732.00	981.20
733.00	977.88
734.00	985.93
735.00	984.13
736.00	985.39
737.00	985.09
738.00	983.38
739.00	987.56
740.00	979.06
741.00	981.83
742.00	979.81
743.00	979.41
744.00	985.35
745.00	980.28
746.00	989.90
747.00	984.31
748.00	983.07
749.00	985.42
750.00	976.12
751.00	979.38
752.00	966.35
753.00	973.51
754.00	970.35
755.00	964.76
756.00	973.58
757.00	960.18
758.00	960.05
759.00	962.10
760.00	948.43
761.00	951.23
762.00	944.00
763.00	946.79
764.00	932.75
765.00	931.45
766.00	929.02
767.00	930.74
768.00	924.74
769.00	912.81
770.00	906.06
771.00	904.77
772.00	885.12
773.00	897.67
774.00	898.70
775.00	899.72
776.00	897.16
777.00	894.51
778.00	899.69
779.00	898.92
780.00	925.65
781.00	923.23
782.00	928.19
783.00	929.57
784.00	943.83
785.00	949.46
786.00	965.30
787.00	976.63
788.00	984.56
789.00	983.77
790.00	995.67
791.00	997.66
792.00	1003.92
793.00	1005.77
794.00	1009.93
795.00	1008.44
796.00	1017.36
797.00	1017.90
798.00	1017.37
799.00	1018.96
800.00	1022.43
801.00	1012.74
802.00	1018.27
803.00	1031.40
804.00	1027.83
805.00	1032.90
806.00	1031.70
807.00	1029.08
808.00	1023.24
809.00	1012.79
810.00	1028.95
811.00	1022.64
812.00	1010.86
813.00	1010.98
814.00	1009.01
815.00	1001.40
816.00	1005.69
817.00	992.83
818.00	992.37
819.00	987.31
820.00	990.35
821.00	979.72
822.00	974.89
823.00	960.70
824.00	959.16
825.00	956.26
826.00	953.95
827.00	941.15
828.00	950.41
829.00	934.98
830.00	924.39
831.00	911.15
832.00	905.57
833.00	916.75
834.00	895.40
835.00	899.94
836.00	889.56
837.00	870.26
838.00	870.83
839.00	860.52
840.00	854.87
841.00	837.83
842.00	835.44
843.00	824.84
844.00	821.79
845.00	819.95
846.00	808.36
847.00	797.27
848.00	792.88
849.00	776.66
850.00	774.40
851.00	770.50
852.00	760.74
853.00	749.26
854.00	747.52
855.00	739.80
856.00	734.22
857.00	728.38
858.00	726.02
859.00	718.66
860.00	705.80
861.00	694.56
862.00	686.91
863.00	681.58
864.00	668.28
865.00	666.05
866.00	661.64
867.00	643.34
868.00	642.48
869.00	642.01
870.00	631.83
871.00	627.28
872.00	619.24
873.00	608.10
874.00	604.29
875.00	594.95
876.00	591.88
877.00	586.29
878.00	577.24
879.00	575.40
880.00	568.11
881.00	565.76
882.00	556.13
883.00	550.92
884.00	549.92
885.00	538.13
886.00	529.88
887.00	519.07
888.00	516.54
889.00	503.95
890.00	497.86
891.00	496.97
892.00	488.30
893.00	473.21
894.00	472.65
895.00	465.24
896.00	457.26
897.00	451.91
898.00	446.14
899.00	445.02
900.00	442.68
901.00	443.87
902.00	443.09
903.00	447.16
904.00	445.02
905.00	443.24
906.00	447.68
907.00	443.03
908.00	448.24
909.00	450.91
910.00	448.98
911.00	455.28
912.00	448.86
913.00	450.24
914.00	456.19
915.00	452.30
916.00	455.45
917.00	447.88
918.00	450.94
919.00	447.28
920.00	452.90
921.00	441.56
922.00	440.56
923.00	427.51
924.00	423.99
925.00	427.56
926.00	423.05
927.00	421.09
928.00	416.07
929.00	407.77
930.00	405.01
931.00	393.08
932.00	391.97
933.00	382.62
934.00	375.64
935.00	374.13
936.00	366.51
937.00	364.04
938.00	353.69
939.00	351.61
940.00	341.78
941.00	333.45
942.00	328.33
943.00	325.60
944.00	320.73
945.00	313.76
946.00	305.16
947.00	303.37
948.00	290.69
949.00	291.88
950.00	284.39
951.00	277.16
952.00	275.13
953.00	270.95
954.00	264.10
955.00	260.80
956.00	252.02
957.00	245.27
958.00	241.98
959.00	235.48
960.00	225.75
961.00	225.37
962.00	222.64
963.00	220.15
964.00	214.06
965.00	214.14
966.00	203.52
967.00	198.83
968.00	198.49
969.00	192.18
970.00	183.36
971.00	183.19
972.00	179.56
973.00	172.45
974.00	167.60
975.00	161.91
976.00	159.67
977.00	152.92
978.00	150.45
979.00	150.07
980.00	144.18
981.00	136.55
982.00	132.19
983.00	127.79
984.00	125.98
985.00	124.38
986.00	119.78
987.00	112.64
988.00	108.04
989.00	106.43
990.00	101.79
991.00	99.12
992.00	94.53
993.00	87.37
994.00	84.25
995.00	83.84
996.00	79.91
997.00	73.72
998.00	70.94
999.00	66.96
1000.00	64.67