350.00	-0.14
351.00	-0.43
352.00	1.91
353.00	1.85
354.00	0.51
355.00	1.50
356.00	0.92
357.00	0.12
358.00	-1.63
359.00	-0.41
360.00	0.58
361.00	0.55
362.00	0.20
363.00	-0.68
364.00	-0.13
365.00	-0.94
366.00	0.30
367.00	0.69
368.00	-0.72
369.00	0.60
370.00	2.10
371.00	0.29
372.00	0.82
373.00	-0.73
374.00	0.84
375.00	-1.43
376.00	-1.22
377.00	2.94
378.00	2.17
379.00	0.10
380.00	-0.08
381.00	0.06
382.00	4.10
383.00	3.48
384.00	3.47
385.00	6.92
386.00	10.28
387.00	20.30
388.00	56.13
389.00	299.65
390.00	289.89
391.00	49.94
392.00	14.50
393.00	8.49
394.00	5.47
395.00	2.71
396.00	4.90
397.00	9.57
398.00	4.42
399.00	1.66
400.00	3.01
401.00	2.37
402.00	4.68
403.00	16.26
404.00	10.97
405.00	3.16
406.00	1.07
407.00	2.39
408.00	0.49
409.00	0.45
410.00	0.27
411.00	1.58
412.00	1.73
413.00	3.75
414.00	-0.57
415.00	1.62
416.00	-0.45
417.00	1.63
418.00	-0.80
419.00	-0.63
420.00	-1.18
421.00	1.10
422.00	-0.55
423.00	1.70
424.00	-0.23
425.00	0.44
426.00	2.02
427.00	0.53
428.00	0.72
429.00	-0.06
430.00	-1.31
431.00	2.63
432.00	0.22
433.00	3.28
434.00	0.10
435.00	-0.22
436.00	2.15
437.00	0.81
438.00	3.25
439.00	3.80
440.00	10.15
441.00	4.30
442.00	3.76
443.00	2.00
444.00	3.19
445.00	10.44
446.00	25.76
447.00	60.11
448.00	245.99
449.00	109.32
450.00	41.96
451.00	12.64
452.00	4.22
453.00	2.45
454.00	0.84
455.00	0.61
456.00	1.11
457.00	2.15
458.00	1.05
459.00	1.92
460.00	1.51
461.00	2.06
462.00	0.23
463.00	1.48
464.00	1.46
465.00	2.87
466.00	5.48
467.00	4.29
468.00	2.51
469.00	3.10
470.00	5.86
471.00	9.54
472.00	58.43
473.00	33.67
474.00	6.84
475.00	4.24
476.00	4.28
477.00	1.55
478.00	3.08
479.00	1.36
480.00	1.71
481.00	0.97
482.00	3.66
483.00	2.90
484.00	1.35
485.00	3.81
486.00	2.62
487.00	3.40
488.00	4.61
489.00	2.87
490.00	10.14
491.00	17.43
492.00	28.68
493.00	163.37
494.00	72.20
495.00	15.55
496.00	8.11
497.00	7.75
498.00	7.54
499.00	14.29
500.00	36.78
501.00	93.91
502.00	405.69
503.00	581.06
504.00	113.91
505.00	53.46
506.00	40.85
507.00	16.55
508.00	7.53
509.00	6.85
510.00	4.05
511.00	3.64
512.00	3.03
513.00	3.51
514.00	1.80
515.00	3.09
516.00	3.57
517.00	3.71
518.00	2.58
519.00	4.56
520.00	1.78
521.00	3.76
522.00	2.86
523.00	2.94
524.00	2.91
525.00	4.12
526.00	4.87
527.00	2.71
528.00	5.12
529.00	2.64
530.00	2.81
531.00	3.94
532.00	2.05
533.00	2.75
534.00	2.49
535.00	3.98
536.00	2.24
537.00	4.17
538.00	2.37
539.00	2.31
540.00	2.54
541.00	2.01
542.00	2.16
543.00	2.97
544.00	2.84
545.00	3.50
546.00	0.50
547.00	0.24
548.00	1.11
549.00	2.72
550.00	3.26
551.00	1.53
552.00	2.76
553.00	1.42
554.00	4.08
555.00	4.36
556.00	5.56
557.00	5.92
558.00	5.50
559.00	7.93
560.00	7.70
561.00	7.26
562.00	6.80
563.00	7.54
564.00	5.67
565.00	4.55
566.00	5.26
567.00	6.61
568.00	7.89
569.00	7.80
570.00	9.69
571.00	7.95
572.00	9.12
573.00	11.19
574.00	12.58
575.00	8.38
576.00	10.90
577.00	12.43
578.00	13.82
579.00	15.49
580.00	16.22
581.00	20.56
582.00	27.53
583.00	38.37
584.00	65.58
585.00	125.94
586.00	360.85
587.00	1181.32
588.00	3987.11
589.00	3909.79
590.00	4069.36
591.00	1131.42
592.00	324.02
593.00	132.50
594.00	58.46
595.00	37.41
596.00	26.06
597.00	23.67
598.00	21.28
599.00	18.70
600.00	15.90
601.00	15.98
602.00	11.76
603.00	13.08
604.00	9.70
605.00	9.17
606.00	9.00
607.00	9.30
608.00	6.54
609.00	4.45
610.00	7.42
611.00	7.27
612.00	5.60
613.00	5.19
614.00	5.57
615.00	5.64
616.00	5.79
617.00	6.22
618.00	4.88
619.00	6.33
620.00	4.58
621.00	5.20
622.00	6.31
623.00	4.06
624.00	5.22
625.00	4.62
626.00	5.24
627.00	1.91
628.00	3.55
629.00	3.72
630.00	4.11
631.00	3.87
632.00	2.31
633.00	5.05
634.00	1.88
635.00	3.74
636.00	5.31
637.00	3.61
638.00	4.44
639.00	4.63
640.00	4.89
641.00	7.63
642.00	8.05
643.00	5.49
644.00	4.46
645.00	7.12
646.00	4.20
647.00	4.17
648.00	3.71
649.00	4.33
650.00	2.85
651.00	3.27
652.00	4.03
653.00	3.27
654.00	3.72
655.00	3.49
656.00	3.82
657.00	6.70
658.00	4.71
659.00	6.20
660.00	5.37
661.00	5.47
662.00	7.40
663.00	7.62
664.00	11.28
665.00	25.26
666.00	48.98
667.00	102.43
668.00	1038.41
669.00	2892.89
670.00	708.57
671.00	382.21
672.00	121.12
673.00	36.73
674.00	15.61
675.00	10.28
676.00	7.48
677.00	5.25
678.00	6.98
679.00	4.92
680.00	4.75
681.00	3.66
682.00	5.70
683.00	2.33
684.00	4.23
685.00	3.44
686.00	4.35
687.00	3.73
688.00	2.68
689.00	3.30
690.00	3.82
691.00	2.65
692.00	2.35
693.00	4.34
694.00	4.07
695.00	4.73
696.00	6.30
697.00	4.23
698.00	6.42
699.00	5.16
700.00	6.87
701.00	10.13
702.00	12.99
703.00	21.19
704.00	43.37
705.00	101.73
706.00	344.76
707.00	2701.82
708.00	3096.69
709.00	1305.04
710.00	583.81
711.00	125.52
712.00	45.60
713.00	23.24
714.00	13.44
715.00	8.43
716.00	5.67
717.00	4.19
718.00	5.40
719.00	5.33
720.00	2.50
721.00	2.93
722.00	4.00
723.00	4.43
724.00	2.61
725.00	3.04
726.00	5.16
727.00	10.08
728.00	39.16
729.00	346.82
730.00	151.92
731.00	69.83
732.00	28.49
733.00	6.88
734.00	6.91
735.00	3.27
736.00	0.44
737.00	0.81
738.00	0.34
739.00	0.65
740.00	0.60
741.00	1.65
742.00	0.33
743.00	0.05
744.00	0.91
745.00	0.89
746.00	-0.09
747.00	0.22
748.00	1.32
749.00	-1.69
750.00	-0.70
751.00	-1.76
752.00	0.45
753.00	2.09
754.00	2.34
755.00	0.48
756.00	-0.33
757.00	0.35
758.00	-0.16
759.00	1.39
760.00	-0.06
761.00	2.19
762.00	0.25
763.00	0.11
764.00	3.66
765.00	0.19
766.00	1.42
767.00	-0.39
768.00	1.04
769.00	0.71
770.00	-0.77
771.00	1.51
772.00	0.22
773.00	1.13
774.00	-0.48
775.00	1.20
776.00	-0.65
777.00	2.54
778.00	28.35
779.00	30.42
780.00	11.69
781.00	4.67
782.00	1.92
783.00	0.49
784.00	1.18
785.00	0.09
786.00	1.26
787.00	-0.84
788.00	2.19
789.00	0.81
790.00	0.34
791.00	-0.88
792.00	0.80
793.00	0.72
794.00	-0.69
795.00	0.89
796.00	1.13
797.00	0.38
798.00	-0.72
799.00	-0.14
800.00	-1.21
801.00	-1.30
802.00	-1.41
803.00	0.17
804.00	-0.98
805.00	-0.02
806.00	1.05
807.00	-0.13
808.00	0.34
809.00	-2.20
810.00	1.13
811.00	-1.95
812.00	-0.34
813.00	1.03
814.00	-1.25
815.00	1.02
816.00	-0.18
817.00	-1.27
818.00	0.26
819.00	0.85
820.00	-0.45
821.00	2.52
822.00	-0.59
823.00	1.03
824.00	-1.70
825.00	0.53
826.00	-0.11
827.00	0.05
828.00	-0.76
829.00	-1.21
830.00	-0.32
831.00	-0.97
832.00	1.50
833.00	0.30
834.00	-1.40
835.00	0.65
836.00	0.54
837.00	0.07
838.00	1.12
839.00	-0.04
840.00	0.06
841.00	-0.78
842.00	-1.54
843.00	-1.60
844.00	0.43
845.00	1.88
846.00	8.03
847.00	4.03
848.00	0.09
849.00	-1.04
850.00	0.55
851.00	-0.32
852.00	0.32
853.00	0.01
854.00	-0.45
855.00	-0.22
856.00	-1.81
857.00	-0.80
858.00	2.54
859.00	0.52
860.00	-1.15
861.00	-1.35
862.00	1.26
863.00	-0.71
864.00	-0.08
865.00	-0.70
866.00	-0.76
867.00	-0.20
868.00	1.38
869.00	0.53
870.00	0.15
871.00	-1.30
872.00	-0.21
873.00	-1.54
874.00	-1.20
875.00	-1.21
876.00	0.26
877.00	-0.92
878.00	-0.76
879.00	-1.04
880.00	0.06
881.00	-0.90
882.00	1.58
883.00	0.81
884.00	-1.42
885.00	1.15
886.00	-0.79
887.00	-0.63
888.00	-0.65
889.00	1.77
890.00	-0.79
891.00	-1.17
892.00	-2.22
893.00	0.37
894.00	-1.20
895.00	-0.60
896.00	-0.88
897.00	0.63
898.00	0.31
899.00	-1.37
900.00	1.69
901.00	2.13
902.00	-0.46
903.00	1.90
904.00	0.24
905.00	-1.23
906.00	-0.04
907.00	1.50
908.00	0.82
909.00	-0.11
910.00	-1.19
911.00	-0.85
912.00	-0.32
913.00	-1.30
914.00	-0.27
915.00	0.08
916.00	0.77
917.00	-2.23
918.00	-0.39
919.00	-1.03
920.00	-1.03
921.00	0.20
922.00	-0.45
923.00	0.98
924.00	-0.85
925.00	-0.05
926.00	-0.85
927.00	0.05
928.00	1.78
929.00	1.19
930.00	1.77
931.00	-0.53
932.00	-0.47
933.00	-0.70
934.00	1.62
935.00	2.49
936.00	-0.20
937.00	0.98
938.00	-0.28
939.00	-0.69
940.00	1.36
941.00	0.29
942.00	-0.11
943.00	0.84
944.00	-2.31
945.00	-1.95
946.00	0.71
947.00	-0.63
948.00	0.24
949.00	-1.23
950.00	-0.66
951.00	1.65
952.00	-0.68
953.00	-1.19
954.00	0.01
955.00	-0.33
956.00	0.30
957.00	0.86
958.00	-1.25
959.00	-0.08
960.00	1.06
961.00	-1.60
962.00	0.26
963.00	-1.01
964.00	0.01
965.00	-1.67
966.00	-0.67
967.00	-0.09
968.00	-1.00
969.00	-0.60
970.00	-0.59
971.00	-0.15
972.00	-2.16
973.00	-1.13
974.00	-1.42
975.00	-0.77
976.00	-0.88
977.00	-0.50
978.00	-1.05
979.00	0.04
980.00	0.07
981.00	1.03
982.00	-0.59
983.00	-0.35
984.00	1.36
985.00	0.42
986.00	-0.88
987.00	1.07
988.00	1.62
989.00	-0.16
990.00	-1.21
991.00	0.35
992.00	-0.18
993.00	0.98
994.00	0.66
995.00	-0.80
996.00	-2.14
997.00	-1.09
998.00	-1.03
999.00	-1.51
1000.00	0.53
